{
 "cells": [
  {
   "cell_type": "code",
   "execution_count": 1,
   "metadata": {},
   "outputs": [],
   "source": [
    "import pandas as pd\n",
    "pd.options.display.max_rows=200\n",
    "pd.options.display.max_columns=200"
   ]
  },
  {
   "attachments": {},
   "cell_type": "markdown",
   "metadata": {},
   "source": [
    "## From README:\n",
    "Each row of the data represents one precinct.\n",
    "* The column `prec_20` is the unique precinct identifier. It concatenates the city ward and division numbers.\n",
    "* There are 122 columns of election results, structured as described above. The column names are of the format \"OFFICE_CANDIDATENAME.\" The first of these is `COUNCIL AT LARGE-DEM_ALLAN DOMB` and the last is `LIEUTENANT GOVERNOR DEM - Write-in`.\n",
    "* Cluster ID values for each of three-, four-, five-, and six-cluster groupings (`clust_3`,`clust_4`,`clust_5`, and `clust_6`). These are  automatically generated numeric IDs, and they aren't consistent from grouping to grouping.\n",
    "* Precinct-level racial demographic data directly from the 2020 Census, in the columns `hisp`, `black`, `white`, `aapi`, and `other`. Shares of the total population are given as `hisp_share`, `black_share`, `white_share`, `aapi_share`, and `other_share`. This considers the adult (18+) population only (table P4 in the Census).\n",
    "* Raw precinct-level ACS demographics crosswalked on a population-weighted basis from census-tract-level data. These are the 6-digit fields that start with the letter \"B.\" A dictionary denoting the value of these is [available from the Census Bureau](https://www.census.gov/programs-surveys/acs/technical-documentation/table-shells.html).\n",
    "* Calculated ACS demographics:\n",
    "    * `median_age` is the median age of all residents\n",
    "    * `mean_household` is the average number of residents per household\n",
    "    * `foreign_share` is the share of residents born outside the USA (USA includes Puerto Rico and other territories)\n",
    "    * `noneng_share` is the share of residents speaking a language other than English at home, irrespective of how well they speak English\n",
    "    * `edu_attain` is the share of residents having earned a Bachelor's degree or higher\n",
    "    * `mean_household_inc` is the average income of households\n",
    "    * `pov` is the poverty rate of individuals\n",
    "    * `mean_commute` is the average commute time for workers\n",
    "    * `two_parent` is the share of households with children that have two parents living at home\n",
    "    * `child_house` is the share of households where any number of children under 18 are resident\n",
    "    * `vet_share` is the share of adults who are veterans of the US military\n",
    "    * `vacancy` is the share of housing units in the precinct that are unoccupied\n",
    "    * `renter_rate` is the share of households who rent rather than own their homes"
   ]
  },
  {
   "cell_type": "code",
   "execution_count": 2,
   "metadata": {},
   "outputs": [],
   "source": [
    "def load_precinct_data():\n",
    "    df=pd.read_csv('../prec_results_demos.csv')\n",
    "    df['prec_20'] = df['prec_20'].apply(lambda x: f'{int(x):04}')\n",
    "    df['ward'] = df['prec_20'].apply(lambda x: x[:2])\n",
    "    df['prec'] = df['prec_20'].apply(lambda x: x[2:])\n",
    "    return df.set_index(['ward','prec']).sort_index()"
   ]
  },
  {
   "cell_type": "code",
   "execution_count": 3,
   "metadata": {},
   "outputs": [],
   "source": [
    "df=load_precinct_data()\n",
    "# df"
   ]
  },
  {
   "cell_type": "code",
   "execution_count": 4,
   "metadata": {},
   "outputs": [],
   "source": [
    "vote_cols = [col for col in df.columns if col[0] == col[0].upper()]\n",
    "qcols = [col for col in df.columns if col[0] != col[0].upper()]\n",
    "# qcols"
   ]
  },
  {
   "cell_type": "code",
   "execution_count": 5,
   "metadata": {},
   "outputs": [],
   "source": [
    "# vote_cols"
   ]
  },
  {
   "cell_type": "code",
   "execution_count": null,
   "metadata": {},
   "outputs": [],
   "source": []
  },
  {
   "cell_type": "code",
   "execution_count": 6,
   "metadata": {},
   "outputs": [],
   "source": [
    "import plotly.express as px\n",
    "import plotly.io as pio\n",
    "pio.templates.default = \"none\""
   ]
  },
  {
   "cell_type": "code",
   "execution_count": 7,
   "metadata": {},
   "outputs": [],
   "source": [
    "# px.scatter(\n",
    "#     df,\n",
    "#     x='white_share',\n",
    "#     # y='mean_household_inc',\n",
    "#     y='PRESIDENT OF THE UNITED STATES-DEM_BERNIE SANDERS',\n",
    "#     height=800,\n",
    "#     width=800,\n",
    "#     color='largest_race',\n",
    "# )"
   ]
  },
  {
   "cell_type": "code",
   "execution_count": 8,
   "metadata": {},
   "outputs": [],
   "source": [
    "dfq = df.select_dtypes('number')\n",
    "dfcorr = dfq.corr()"
   ]
  },
  {
   "cell_type": "code",
   "execution_count": 27,
   "metadata": {},
   "outputs": [
    {
     "data": {
      "text/html": [
       "<div>\n",
       "<style scoped>\n",
       "    .dataframe tbody tr th:only-of-type {\n",
       "        vertical-align: middle;\n",
       "    }\n",
       "\n",
       "    .dataframe tbody tr th {\n",
       "        vertical-align: top;\n",
       "    }\n",
       "\n",
       "    .dataframe thead th {\n",
       "        text-align: right;\n",
       "    }\n",
       "</style>\n",
       "<table border=\"1\" class=\"dataframe\">\n",
       "  <thead>\n",
       "    <tr style=\"text-align: right;\">\n",
       "      <th></th>\n",
       "      <th>vtd</th>\n",
       "      <th>total</th>\n",
       "      <th>hisp_share</th>\n",
       "      <th>white_share</th>\n",
       "      <th>black_share</th>\n",
       "      <th>aapi_share</th>\n",
       "      <th>other_share</th>\n",
       "      <th>median_age</th>\n",
       "      <th>mean_household</th>\n",
       "      <th>foreign_share</th>\n",
       "      <th>noneng_share</th>\n",
       "      <th>edu_attain</th>\n",
       "      <th>mean_household_inc</th>\n",
       "      <th>pov</th>\n",
       "      <th>mean_commute</th>\n",
       "      <th>two_parent</th>\n",
       "      <th>child_house</th>\n",
       "      <th>vet_share</th>\n",
       "      <th>vacancy</th>\n",
       "      <th>renter_rate</th>\n",
       "      <th>largest_race_size</th>\n",
       "    </tr>\n",
       "  </thead>\n",
       "  <tbody>\n",
       "    <tr>\n",
       "      <th>vtd</th>\n",
       "      <td>1.000000</td>\n",
       "      <td>0.009116</td>\n",
       "      <td>0.014658</td>\n",
       "      <td>0.058930</td>\n",
       "      <td>-0.109014</td>\n",
       "      <td>0.176257</td>\n",
       "      <td>0.078070</td>\n",
       "      <td>-0.012281</td>\n",
       "      <td>-0.051224</td>\n",
       "      <td>0.341346</td>\n",
       "      <td>0.233450</td>\n",
       "      <td>-0.298622</td>\n",
       "      <td>-0.164093</td>\n",
       "      <td>-0.121962</td>\n",
       "      <td>0.124302</td>\n",
       "      <td>0.104737</td>\n",
       "      <td>0.280324</td>\n",
       "      <td>0.142544</td>\n",
       "      <td>-0.271632</td>\n",
       "      <td>-0.277951</td>\n",
       "      <td>-0.266190</td>\n",
       "    </tr>\n",
       "    <tr>\n",
       "      <th>total</th>\n",
       "      <td>0.009116</td>\n",
       "      <td>1.000000</td>\n",
       "      <td>-0.014971</td>\n",
       "      <td>0.355213</td>\n",
       "      <td>-0.398994</td>\n",
       "      <td>0.350688</td>\n",
       "      <td>0.056104</td>\n",
       "      <td>-0.026548</td>\n",
       "      <td>-0.201539</td>\n",
       "      <td>0.274309</td>\n",
       "      <td>0.152271</td>\n",
       "      <td>0.367749</td>\n",
       "      <td>0.323989</td>\n",
       "      <td>-0.159779</td>\n",
       "      <td>-0.235846</td>\n",
       "      <td>0.291073</td>\n",
       "      <td>-0.254680</td>\n",
       "      <td>-0.150745</td>\n",
       "      <td>-0.221634</td>\n",
       "      <td>0.120480</td>\n",
       "      <td>-0.298044</td>\n",
       "    </tr>\n",
       "    <tr>\n",
       "      <th>hisp_share</th>\n",
       "      <td>0.014658</td>\n",
       "      <td>-0.014971</td>\n",
       "      <td>1.000000</td>\n",
       "      <td>-0.212971</td>\n",
       "      <td>-0.304589</td>\n",
       "      <td>0.006245</td>\n",
       "      <td>-0.223784</td>\n",
       "      <td>0.033326</td>\n",
       "      <td>-0.008357</td>\n",
       "      <td>0.155816</td>\n",
       "      <td>0.752432</td>\n",
       "      <td>-0.345064</td>\n",
       "      <td>-0.259883</td>\n",
       "      <td>0.413581</td>\n",
       "      <td>0.039900</td>\n",
       "      <td>-0.016337</td>\n",
       "      <td>0.418780</td>\n",
       "      <td>-0.143503</td>\n",
       "      <td>-0.072501</td>\n",
       "      <td>0.016496</td>\n",
       "      <td>-0.346949</td>\n",
       "    </tr>\n",
       "    <tr>\n",
       "      <th>white_share</th>\n",
       "      <td>0.058930</td>\n",
       "      <td>0.355213</td>\n",
       "      <td>-0.212971</td>\n",
       "      <td>1.000000</td>\n",
       "      <td>-0.828227</td>\n",
       "      <td>0.203854</td>\n",
       "      <td>0.057540</td>\n",
       "      <td>0.011649</td>\n",
       "      <td>0.013137</td>\n",
       "      <td>0.167298</td>\n",
       "      <td>-0.011583</td>\n",
       "      <td>0.638716</td>\n",
       "      <td>0.686007</td>\n",
       "      <td>-0.595988</td>\n",
       "      <td>-0.361548</td>\n",
       "      <td>0.702118</td>\n",
       "      <td>-0.370652</td>\n",
       "      <td>-0.031378</td>\n",
       "      <td>-0.404921</td>\n",
       "      <td>-0.165488</td>\n",
       "      <td>-0.123445</td>\n",
       "    </tr>\n",
       "    <tr>\n",
       "      <th>black_share</th>\n",
       "      <td>-0.109014</td>\n",
       "      <td>-0.398994</td>\n",
       "      <td>-0.304589</td>\n",
       "      <td>-0.828227</td>\n",
       "      <td>1.000000</td>\n",
       "      <td>-0.451477</td>\n",
       "      <td>-0.031444</td>\n",
       "      <td>-0.021871</td>\n",
       "      <td>-0.014881</td>\n",
       "      <td>-0.415340</td>\n",
       "      <td>-0.481311</td>\n",
       "      <td>-0.447199</td>\n",
       "      <td>-0.517785</td>\n",
       "      <td>0.345535</td>\n",
       "      <td>0.330162</td>\n",
       "      <td>-0.693403</td>\n",
       "      <td>0.130321</td>\n",
       "      <td>0.154633</td>\n",
       "      <td>0.449540</td>\n",
       "      <td>0.106811</td>\n",
       "      <td>0.448172</td>\n",
       "    </tr>\n",
       "    <tr>\n",
       "      <th>aapi_share</th>\n",
       "      <td>0.176257</td>\n",
       "      <td>0.350688</td>\n",
       "      <td>0.006245</td>\n",
       "      <td>0.203854</td>\n",
       "      <td>-0.451477</td>\n",
       "      <td>1.000000</td>\n",
       "      <td>0.166025</td>\n",
       "      <td>-0.020147</td>\n",
       "      <td>0.020990</td>\n",
       "      <td>0.697868</td>\n",
       "      <td>0.447715</td>\n",
       "      <td>0.192686</td>\n",
       "      <td>0.154798</td>\n",
       "      <td>-0.097428</td>\n",
       "      <td>-0.129632</td>\n",
       "      <td>0.314396</td>\n",
       "      <td>-0.047698</td>\n",
       "      <td>-0.186906</td>\n",
       "      <td>-0.223050</td>\n",
       "      <td>0.079639</td>\n",
       "      <td>-0.583686</td>\n",
       "    </tr>\n",
       "    <tr>\n",
       "      <th>other_share</th>\n",
       "      <td>0.078070</td>\n",
       "      <td>0.056104</td>\n",
       "      <td>-0.223784</td>\n",
       "      <td>0.057540</td>\n",
       "      <td>-0.031444</td>\n",
       "      <td>0.166025</td>\n",
       "      <td>1.000000</td>\n",
       "      <td>0.003697</td>\n",
       "      <td>0.041163</td>\n",
       "      <td>0.162952</td>\n",
       "      <td>-0.050260</td>\n",
       "      <td>0.171070</td>\n",
       "      <td>0.088647</td>\n",
       "      <td>-0.072360</td>\n",
       "      <td>0.028725</td>\n",
       "      <td>0.049183</td>\n",
       "      <td>-0.040643</td>\n",
       "      <td>-0.127754</td>\n",
       "      <td>0.018069</td>\n",
       "      <td>0.192921</td>\n",
       "      <td>-0.270700</td>\n",
       "    </tr>\n",
       "    <tr>\n",
       "      <th>median_age</th>\n",
       "      <td>-0.012281</td>\n",
       "      <td>-0.026548</td>\n",
       "      <td>0.033326</td>\n",
       "      <td>0.011649</td>\n",
       "      <td>-0.021871</td>\n",
       "      <td>-0.020147</td>\n",
       "      <td>0.003697</td>\n",
       "      <td>1.000000</td>\n",
       "      <td>0.030960</td>\n",
       "      <td>0.014021</td>\n",
       "      <td>0.024717</td>\n",
       "      <td>-0.002670</td>\n",
       "      <td>0.097838</td>\n",
       "      <td>-0.011299</td>\n",
       "      <td>0.285925</td>\n",
       "      <td>-0.021810</td>\n",
       "      <td>0.033550</td>\n",
       "      <td>-0.016189</td>\n",
       "      <td>0.004250</td>\n",
       "      <td>-0.051962</td>\n",
       "      <td>0.001200</td>\n",
       "    </tr>\n",
       "    <tr>\n",
       "      <th>mean_household</th>\n",
       "      <td>-0.051224</td>\n",
       "      <td>-0.201539</td>\n",
       "      <td>-0.008357</td>\n",
       "      <td>0.013137</td>\n",
       "      <td>-0.014881</td>\n",
       "      <td>0.020990</td>\n",
       "      <td>0.041163</td>\n",
       "      <td>0.030960</td>\n",
       "      <td>1.000000</td>\n",
       "      <td>0.033730</td>\n",
       "      <td>0.007150</td>\n",
       "      <td>0.033762</td>\n",
       "      <td>0.087065</td>\n",
       "      <td>-0.017760</td>\n",
       "      <td>0.163494</td>\n",
       "      <td>0.054949</td>\n",
       "      <td>0.066837</td>\n",
       "      <td>0.014483</td>\n",
       "      <td>0.045980</td>\n",
       "      <td>0.069881</td>\n",
       "      <td>0.020427</td>\n",
       "    </tr>\n",
       "    <tr>\n",
       "      <th>foreign_share</th>\n",
       "      <td>0.341346</td>\n",
       "      <td>0.274309</td>\n",
       "      <td>0.155816</td>\n",
       "      <td>0.167298</td>\n",
       "      <td>-0.415340</td>\n",
       "      <td>0.697868</td>\n",
       "      <td>0.162952</td>\n",
       "      <td>0.014021</td>\n",
       "      <td>0.033730</td>\n",
       "      <td>1.000000</td>\n",
       "      <td>0.696063</td>\n",
       "      <td>0.012558</td>\n",
       "      <td>0.057903</td>\n",
       "      <td>-0.096413</td>\n",
       "      <td>-0.017815</td>\n",
       "      <td>0.344446</td>\n",
       "      <td>0.168222</td>\n",
       "      <td>-0.171475</td>\n",
       "      <td>-0.352567</td>\n",
       "      <td>-0.012407</td>\n",
       "      <td>-0.479393</td>\n",
       "    </tr>\n",
       "    <tr>\n",
       "      <th>noneng_share</th>\n",
       "      <td>0.233450</td>\n",
       "      <td>0.152271</td>\n",
       "      <td>0.752432</td>\n",
       "      <td>-0.011583</td>\n",
       "      <td>-0.481311</td>\n",
       "      <td>0.447715</td>\n",
       "      <td>-0.050260</td>\n",
       "      <td>0.024717</td>\n",
       "      <td>0.007150</td>\n",
       "      <td>0.696063</td>\n",
       "      <td>1.000000</td>\n",
       "      <td>-0.210455</td>\n",
       "      <td>-0.138823</td>\n",
       "      <td>0.219754</td>\n",
       "      <td>-0.011068</td>\n",
       "      <td>0.209569</td>\n",
       "      <td>0.370242</td>\n",
       "      <td>-0.211910</td>\n",
       "      <td>-0.260273</td>\n",
       "      <td>0.002260</td>\n",
       "      <td>-0.534487</td>\n",
       "    </tr>\n",
       "    <tr>\n",
       "      <th>edu_attain</th>\n",
       "      <td>-0.298622</td>\n",
       "      <td>0.367749</td>\n",
       "      <td>-0.345064</td>\n",
       "      <td>0.638716</td>\n",
       "      <td>-0.447199</td>\n",
       "      <td>0.192686</td>\n",
       "      <td>0.171070</td>\n",
       "      <td>-0.002670</td>\n",
       "      <td>0.033762</td>\n",
       "      <td>0.012558</td>\n",
       "      <td>-0.210455</td>\n",
       "      <td>1.000000</td>\n",
       "      <td>0.809624</td>\n",
       "      <td>-0.528464</td>\n",
       "      <td>-0.351746</td>\n",
       "      <td>0.512511</td>\n",
       "      <td>-0.644093</td>\n",
       "      <td>-0.176981</td>\n",
       "      <td>-0.137418</td>\n",
       "      <td>0.152105</td>\n",
       "      <td>-0.050691</td>\n",
       "    </tr>\n",
       "    <tr>\n",
       "      <th>mean_household_inc</th>\n",
       "      <td>-0.164093</td>\n",
       "      <td>0.323989</td>\n",
       "      <td>-0.259883</td>\n",
       "      <td>0.686007</td>\n",
       "      <td>-0.517785</td>\n",
       "      <td>0.154798</td>\n",
       "      <td>0.088647</td>\n",
       "      <td>0.097838</td>\n",
       "      <td>0.087065</td>\n",
       "      <td>0.057903</td>\n",
       "      <td>-0.138823</td>\n",
       "      <td>0.809624</td>\n",
       "      <td>1.000000</td>\n",
       "      <td>-0.687750</td>\n",
       "      <td>-0.236301</td>\n",
       "      <td>0.612903</td>\n",
       "      <td>-0.413378</td>\n",
       "      <td>-0.070362</td>\n",
       "      <td>-0.288004</td>\n",
       "      <td>-0.184701</td>\n",
       "      <td>-0.043962</td>\n",
       "    </tr>\n",
       "    <tr>\n",
       "      <th>pov</th>\n",
       "      <td>-0.121962</td>\n",
       "      <td>-0.159779</td>\n",
       "      <td>0.413581</td>\n",
       "      <td>-0.595988</td>\n",
       "      <td>0.345535</td>\n",
       "      <td>-0.097428</td>\n",
       "      <td>-0.072360</td>\n",
       "      <td>-0.011299</td>\n",
       "      <td>-0.017760</td>\n",
       "      <td>-0.096413</td>\n",
       "      <td>0.219754</td>\n",
       "      <td>-0.528464</td>\n",
       "      <td>-0.687750</td>\n",
       "      <td>1.000000</td>\n",
       "      <td>0.097184</td>\n",
       "      <td>-0.576183</td>\n",
       "      <td>0.323953</td>\n",
       "      <td>-0.194264</td>\n",
       "      <td>0.429269</td>\n",
       "      <td>0.431511</td>\n",
       "      <td>-0.054338</td>\n",
       "    </tr>\n",
       "    <tr>\n",
       "      <th>mean_commute</th>\n",
       "      <td>0.124302</td>\n",
       "      <td>-0.235846</td>\n",
       "      <td>0.039900</td>\n",
       "      <td>-0.361548</td>\n",
       "      <td>0.330162</td>\n",
       "      <td>-0.129632</td>\n",
       "      <td>0.028725</td>\n",
       "      <td>0.285925</td>\n",
       "      <td>0.163494</td>\n",
       "      <td>-0.017815</td>\n",
       "      <td>-0.011068</td>\n",
       "      <td>-0.351746</td>\n",
       "      <td>-0.236301</td>\n",
       "      <td>0.097184</td>\n",
       "      <td>1.000000</td>\n",
       "      <td>-0.215041</td>\n",
       "      <td>0.256924</td>\n",
       "      <td>0.194015</td>\n",
       "      <td>0.018050</td>\n",
       "      <td>-0.084459</td>\n",
       "      <td>0.059936</td>\n",
       "    </tr>\n",
       "    <tr>\n",
       "      <th>two_parent</th>\n",
       "      <td>0.104737</td>\n",
       "      <td>0.291073</td>\n",
       "      <td>-0.016337</td>\n",
       "      <td>0.702118</td>\n",
       "      <td>-0.693403</td>\n",
       "      <td>0.314396</td>\n",
       "      <td>0.049183</td>\n",
       "      <td>-0.021810</td>\n",
       "      <td>0.054949</td>\n",
       "      <td>0.344446</td>\n",
       "      <td>0.209569</td>\n",
       "      <td>0.512511</td>\n",
       "      <td>0.612903</td>\n",
       "      <td>-0.576183</td>\n",
       "      <td>-0.215041</td>\n",
       "      <td>1.000000</td>\n",
       "      <td>-0.160452</td>\n",
       "      <td>0.008994</td>\n",
       "      <td>-0.489694</td>\n",
       "      <td>-0.247043</td>\n",
       "      <td>-0.179757</td>\n",
       "    </tr>\n",
       "    <tr>\n",
       "      <th>child_house</th>\n",
       "      <td>0.280324</td>\n",
       "      <td>-0.254680</td>\n",
       "      <td>0.418780</td>\n",
       "      <td>-0.370652</td>\n",
       "      <td>0.130321</td>\n",
       "      <td>-0.047698</td>\n",
       "      <td>-0.040643</td>\n",
       "      <td>0.033550</td>\n",
       "      <td>0.066837</td>\n",
       "      <td>0.168222</td>\n",
       "      <td>0.370242</td>\n",
       "      <td>-0.644093</td>\n",
       "      <td>-0.413378</td>\n",
       "      <td>0.323953</td>\n",
       "      <td>0.256924</td>\n",
       "      <td>-0.160452</td>\n",
       "      <td>1.000000</td>\n",
       "      <td>0.041481</td>\n",
       "      <td>-0.091799</td>\n",
       "      <td>-0.243800</td>\n",
       "      <td>-0.161517</td>\n",
       "    </tr>\n",
       "    <tr>\n",
       "      <th>vet_share</th>\n",
       "      <td>0.142544</td>\n",
       "      <td>-0.150745</td>\n",
       "      <td>-0.143503</td>\n",
       "      <td>-0.031378</td>\n",
       "      <td>0.154633</td>\n",
       "      <td>-0.186906</td>\n",
       "      <td>-0.127754</td>\n",
       "      <td>-0.016189</td>\n",
       "      <td>0.014483</td>\n",
       "      <td>-0.171475</td>\n",
       "      <td>-0.211910</td>\n",
       "      <td>-0.176981</td>\n",
       "      <td>-0.070362</td>\n",
       "      <td>-0.194264</td>\n",
       "      <td>0.194015</td>\n",
       "      <td>0.008994</td>\n",
       "      <td>0.041481</td>\n",
       "      <td>1.000000</td>\n",
       "      <td>-0.076603</td>\n",
       "      <td>-0.270278</td>\n",
       "      <td>0.236639</td>\n",
       "    </tr>\n",
       "    <tr>\n",
       "      <th>vacancy</th>\n",
       "      <td>-0.271632</td>\n",
       "      <td>-0.221634</td>\n",
       "      <td>-0.072501</td>\n",
       "      <td>-0.404921</td>\n",
       "      <td>0.449540</td>\n",
       "      <td>-0.223050</td>\n",
       "      <td>0.018069</td>\n",
       "      <td>0.004250</td>\n",
       "      <td>0.045980</td>\n",
       "      <td>-0.352567</td>\n",
       "      <td>-0.260273</td>\n",
       "      <td>-0.137418</td>\n",
       "      <td>-0.288004</td>\n",
       "      <td>0.429269</td>\n",
       "      <td>0.018050</td>\n",
       "      <td>-0.489694</td>\n",
       "      <td>-0.091799</td>\n",
       "      <td>-0.076603</td>\n",
       "      <td>1.000000</td>\n",
       "      <td>0.423720</td>\n",
       "      <td>0.206455</td>\n",
       "    </tr>\n",
       "    <tr>\n",
       "      <th>renter_rate</th>\n",
       "      <td>-0.277951</td>\n",
       "      <td>0.120480</td>\n",
       "      <td>0.016496</td>\n",
       "      <td>-0.165488</td>\n",
       "      <td>0.106811</td>\n",
       "      <td>0.079639</td>\n",
       "      <td>0.192921</td>\n",
       "      <td>-0.051962</td>\n",
       "      <td>0.069881</td>\n",
       "      <td>-0.012407</td>\n",
       "      <td>0.002260</td>\n",
       "      <td>0.152105</td>\n",
       "      <td>-0.184701</td>\n",
       "      <td>0.431511</td>\n",
       "      <td>-0.084459</td>\n",
       "      <td>-0.247043</td>\n",
       "      <td>-0.243800</td>\n",
       "      <td>-0.270278</td>\n",
       "      <td>0.423720</td>\n",
       "      <td>1.000000</td>\n",
       "      <td>-0.139564</td>\n",
       "    </tr>\n",
       "    <tr>\n",
       "      <th>largest_race_size</th>\n",
       "      <td>-0.266190</td>\n",
       "      <td>-0.298044</td>\n",
       "      <td>-0.346949</td>\n",
       "      <td>-0.123445</td>\n",
       "      <td>0.448172</td>\n",
       "      <td>-0.583686</td>\n",
       "      <td>-0.270700</td>\n",
       "      <td>0.001200</td>\n",
       "      <td>0.020427</td>\n",
       "      <td>-0.479393</td>\n",
       "      <td>-0.534487</td>\n",
       "      <td>-0.050691</td>\n",
       "      <td>-0.043962</td>\n",
       "      <td>-0.054338</td>\n",
       "      <td>0.059936</td>\n",
       "      <td>-0.179757</td>\n",
       "      <td>-0.161517</td>\n",
       "      <td>0.236639</td>\n",
       "      <td>0.206455</td>\n",
       "      <td>-0.139564</td>\n",
       "      <td>1.000000</td>\n",
       "    </tr>\n",
       "  </tbody>\n",
       "</table>\n",
       "</div>"
      ],
      "text/plain": [
       "                         vtd     total  hisp_share  white_share  black_share  \\\n",
       "vtd                 1.000000  0.009116    0.014658     0.058930    -0.109014   \n",
       "total               0.009116  1.000000   -0.014971     0.355213    -0.398994   \n",
       "hisp_share          0.014658 -0.014971    1.000000    -0.212971    -0.304589   \n",
       "white_share         0.058930  0.355213   -0.212971     1.000000    -0.828227   \n",
       "black_share        -0.109014 -0.398994   -0.304589    -0.828227     1.000000   \n",
       "aapi_share          0.176257  0.350688    0.006245     0.203854    -0.451477   \n",
       "other_share         0.078070  0.056104   -0.223784     0.057540    -0.031444   \n",
       "median_age         -0.012281 -0.026548    0.033326     0.011649    -0.021871   \n",
       "mean_household     -0.051224 -0.201539   -0.008357     0.013137    -0.014881   \n",
       "foreign_share       0.341346  0.274309    0.155816     0.167298    -0.415340   \n",
       "noneng_share        0.233450  0.152271    0.752432    -0.011583    -0.481311   \n",
       "edu_attain         -0.298622  0.367749   -0.345064     0.638716    -0.447199   \n",
       "mean_household_inc -0.164093  0.323989   -0.259883     0.686007    -0.517785   \n",
       "pov                -0.121962 -0.159779    0.413581    -0.595988     0.345535   \n",
       "mean_commute        0.124302 -0.235846    0.039900    -0.361548     0.330162   \n",
       "two_parent          0.104737  0.291073   -0.016337     0.702118    -0.693403   \n",
       "child_house         0.280324 -0.254680    0.418780    -0.370652     0.130321   \n",
       "vet_share           0.142544 -0.150745   -0.143503    -0.031378     0.154633   \n",
       "vacancy            -0.271632 -0.221634   -0.072501    -0.404921     0.449540   \n",
       "renter_rate        -0.277951  0.120480    0.016496    -0.165488     0.106811   \n",
       "largest_race_size  -0.266190 -0.298044   -0.346949    -0.123445     0.448172   \n",
       "\n",
       "                    aapi_share  other_share  median_age  mean_household  \\\n",
       "vtd                   0.176257     0.078070   -0.012281       -0.051224   \n",
       "total                 0.350688     0.056104   -0.026548       -0.201539   \n",
       "hisp_share            0.006245    -0.223784    0.033326       -0.008357   \n",
       "white_share           0.203854     0.057540    0.011649        0.013137   \n",
       "black_share          -0.451477    -0.031444   -0.021871       -0.014881   \n",
       "aapi_share            1.000000     0.166025   -0.020147        0.020990   \n",
       "other_share           0.166025     1.000000    0.003697        0.041163   \n",
       "median_age           -0.020147     0.003697    1.000000        0.030960   \n",
       "mean_household        0.020990     0.041163    0.030960        1.000000   \n",
       "foreign_share         0.697868     0.162952    0.014021        0.033730   \n",
       "noneng_share          0.447715    -0.050260    0.024717        0.007150   \n",
       "edu_attain            0.192686     0.171070   -0.002670        0.033762   \n",
       "mean_household_inc    0.154798     0.088647    0.097838        0.087065   \n",
       "pov                  -0.097428    -0.072360   -0.011299       -0.017760   \n",
       "mean_commute         -0.129632     0.028725    0.285925        0.163494   \n",
       "two_parent            0.314396     0.049183   -0.021810        0.054949   \n",
       "child_house          -0.047698    -0.040643    0.033550        0.066837   \n",
       "vet_share            -0.186906    -0.127754   -0.016189        0.014483   \n",
       "vacancy              -0.223050     0.018069    0.004250        0.045980   \n",
       "renter_rate           0.079639     0.192921   -0.051962        0.069881   \n",
       "largest_race_size    -0.583686    -0.270700    0.001200        0.020427   \n",
       "\n",
       "                    foreign_share  noneng_share  edu_attain  \\\n",
       "vtd                      0.341346      0.233450   -0.298622   \n",
       "total                    0.274309      0.152271    0.367749   \n",
       "hisp_share               0.155816      0.752432   -0.345064   \n",
       "white_share              0.167298     -0.011583    0.638716   \n",
       "black_share             -0.415340     -0.481311   -0.447199   \n",
       "aapi_share               0.697868      0.447715    0.192686   \n",
       "other_share              0.162952     -0.050260    0.171070   \n",
       "median_age               0.014021      0.024717   -0.002670   \n",
       "mean_household           0.033730      0.007150    0.033762   \n",
       "foreign_share            1.000000      0.696063    0.012558   \n",
       "noneng_share             0.696063      1.000000   -0.210455   \n",
       "edu_attain               0.012558     -0.210455    1.000000   \n",
       "mean_household_inc       0.057903     -0.138823    0.809624   \n",
       "pov                     -0.096413      0.219754   -0.528464   \n",
       "mean_commute            -0.017815     -0.011068   -0.351746   \n",
       "two_parent               0.344446      0.209569    0.512511   \n",
       "child_house              0.168222      0.370242   -0.644093   \n",
       "vet_share               -0.171475     -0.211910   -0.176981   \n",
       "vacancy                 -0.352567     -0.260273   -0.137418   \n",
       "renter_rate             -0.012407      0.002260    0.152105   \n",
       "largest_race_size       -0.479393     -0.534487   -0.050691   \n",
       "\n",
       "                    mean_household_inc       pov  mean_commute  two_parent  \\\n",
       "vtd                          -0.164093 -0.121962      0.124302    0.104737   \n",
       "total                         0.323989 -0.159779     -0.235846    0.291073   \n",
       "hisp_share                   -0.259883  0.413581      0.039900   -0.016337   \n",
       "white_share                   0.686007 -0.595988     -0.361548    0.702118   \n",
       "black_share                  -0.517785  0.345535      0.330162   -0.693403   \n",
       "aapi_share                    0.154798 -0.097428     -0.129632    0.314396   \n",
       "other_share                   0.088647 -0.072360      0.028725    0.049183   \n",
       "median_age                    0.097838 -0.011299      0.285925   -0.021810   \n",
       "mean_household                0.087065 -0.017760      0.163494    0.054949   \n",
       "foreign_share                 0.057903 -0.096413     -0.017815    0.344446   \n",
       "noneng_share                 -0.138823  0.219754     -0.011068    0.209569   \n",
       "edu_attain                    0.809624 -0.528464     -0.351746    0.512511   \n",
       "mean_household_inc            1.000000 -0.687750     -0.236301    0.612903   \n",
       "pov                          -0.687750  1.000000      0.097184   -0.576183   \n",
       "mean_commute                 -0.236301  0.097184      1.000000   -0.215041   \n",
       "two_parent                    0.612903 -0.576183     -0.215041    1.000000   \n",
       "child_house                  -0.413378  0.323953      0.256924   -0.160452   \n",
       "vet_share                    -0.070362 -0.194264      0.194015    0.008994   \n",
       "vacancy                      -0.288004  0.429269      0.018050   -0.489694   \n",
       "renter_rate                  -0.184701  0.431511     -0.084459   -0.247043   \n",
       "largest_race_size            -0.043962 -0.054338      0.059936   -0.179757   \n",
       "\n",
       "                    child_house  vet_share   vacancy  renter_rate  \\\n",
       "vtd                    0.280324   0.142544 -0.271632    -0.277951   \n",
       "total                 -0.254680  -0.150745 -0.221634     0.120480   \n",
       "hisp_share             0.418780  -0.143503 -0.072501     0.016496   \n",
       "white_share           -0.370652  -0.031378 -0.404921    -0.165488   \n",
       "black_share            0.130321   0.154633  0.449540     0.106811   \n",
       "aapi_share            -0.047698  -0.186906 -0.223050     0.079639   \n",
       "other_share           -0.040643  -0.127754  0.018069     0.192921   \n",
       "median_age             0.033550  -0.016189  0.004250    -0.051962   \n",
       "mean_household         0.066837   0.014483  0.045980     0.069881   \n",
       "foreign_share          0.168222  -0.171475 -0.352567    -0.012407   \n",
       "noneng_share           0.370242  -0.211910 -0.260273     0.002260   \n",
       "edu_attain            -0.644093  -0.176981 -0.137418     0.152105   \n",
       "mean_household_inc    -0.413378  -0.070362 -0.288004    -0.184701   \n",
       "pov                    0.323953  -0.194264  0.429269     0.431511   \n",
       "mean_commute           0.256924   0.194015  0.018050    -0.084459   \n",
       "two_parent            -0.160452   0.008994 -0.489694    -0.247043   \n",
       "child_house            1.000000   0.041481 -0.091799    -0.243800   \n",
       "vet_share              0.041481   1.000000 -0.076603    -0.270278   \n",
       "vacancy               -0.091799  -0.076603  1.000000     0.423720   \n",
       "renter_rate           -0.243800  -0.270278  0.423720     1.000000   \n",
       "largest_race_size     -0.161517   0.236639  0.206455    -0.139564   \n",
       "\n",
       "                    largest_race_size  \n",
       "vtd                         -0.266190  \n",
       "total                       -0.298044  \n",
       "hisp_share                  -0.346949  \n",
       "white_share                 -0.123445  \n",
       "black_share                  0.448172  \n",
       "aapi_share                  -0.583686  \n",
       "other_share                 -0.270700  \n",
       "median_age                   0.001200  \n",
       "mean_household               0.020427  \n",
       "foreign_share               -0.479393  \n",
       "noneng_share                -0.534487  \n",
       "edu_attain                  -0.050691  \n",
       "mean_household_inc          -0.043962  \n",
       "pov                         -0.054338  \n",
       "mean_commute                 0.059936  \n",
       "two_parent                  -0.179757  \n",
       "child_house                 -0.161517  \n",
       "vet_share                    0.236639  \n",
       "vacancy                      0.206455  \n",
       "renter_rate                 -0.139564  \n",
       "largest_race_size            1.000000  "
      ]
     },
     "execution_count": 27,
     "metadata": {},
     "output_type": "execute_result"
    }
   ],
   "source": [
    "vcols=[c for c in dfcorr if c[0]==c[0].lower() and c.split('_')[0] not in {'clust','prec'} and c+'_share' not in set(dfcorr.columns)]\n",
    "vdfcorr = dfcorr.loc[vcols]\n",
    "vvdfcorr = dfcorr.loc[vcols][vcols]\n",
    "vvdfcorr"
   ]
  },
  {
   "cell_type": "code",
   "execution_count": 28,
   "metadata": {},
   "outputs": [
    {
     "data": {
      "text/plain": [
       "black_share           0.624353\n",
       "pov                   0.362866\n",
       "vacancy               0.320464\n",
       "largest_race_size     0.311027\n",
       "mean_commute          0.254514\n",
       "child_house           0.240631\n",
       "hisp_share            0.213689\n",
       "vet_share             0.111738\n",
       "renter_rate           0.048263\n",
       "median_age            0.007680\n",
       "mean_household        0.003304\n",
       "noneng_share         -0.001900\n",
       "vtd                  -0.109187\n",
       "other_share          -0.171924\n",
       "foreign_share        -0.193649\n",
       "aapi_share           -0.347302\n",
       "total                -0.347817\n",
       "mean_household_inc   -0.392415\n",
       "edu_attain           -0.448308\n",
       "two_parent           -0.500731\n",
       "white_share          -0.719399\n",
       "Name: PRESIDENT OF THE UNITED STATES-DEM_HILLARY CLINTON, dtype: float64"
      ]
     },
     "execution_count": 28,
     "metadata": {},
     "output_type": "execute_result"
    }
   ],
   "source": [
    "vdfcorr['PRESIDENT OF THE UNITED STATES-DEM_HILLARY CLINTON'].sort_values(ascending=False)"
   ]
  },
  {
   "cell_type": "code",
   "execution_count": 29,
   "metadata": {},
   "outputs": [
    {
     "data": {
      "text/plain": [
       "['COUNCIL AT LARGE-DEM_ALLAN DOMB',\n",
       " 'COUNCIL AT LARGE-DEM_BLONDELL REYNOLDS BROWN',\n",
       " 'COUNCIL AT LARGE-DEM_CARLA M CAIN',\n",
       " 'COUNCIL AT LARGE-DEM_DEREK S GREEN',\n",
       " 'COUNCIL AT LARGE-DEM_ED NEILSON',\n",
       " 'COUNCIL AT LARGE-DEM_FRANK RIZZO',\n",
       " 'COUNCIL AT LARGE-DEM_HELEN GYM',\n",
       " 'COUNCIL AT LARGE-DEM_ISAIAH THOMAS',\n",
       " 'COUNCIL AT LARGE-DEM_JENNE AYERS',\n",
       " 'COUNCIL AT LARGE-DEM_MARNIE AUMENT LOUGHREY',\n",
       " 'COUNCIL AT LARGE-DEM_PAUL STEINKE',\n",
       " 'COUNCIL AT LARGE-DEM_SHERRIE COHEN',\n",
       " 'COUNCIL AT LARGE-DEM_THOMAS WYATT',\n",
       " 'COUNCIL AT LARGE-DEM_W WILSON GOODE JR',\n",
       " 'COUNCIL AT LARGE-DEM_WILLIAM K GREENLEE',\n",
       " 'COUNCIL AT LARGE-DEM_WILSON ALEXANDER',\n",
       " 'COUNCIL AT LARGE-DEM_Write In ',\n",
       " 'JUSTICE OF THE SUPREME COURT-DEM_ANNE E LAZARUS',\n",
       " 'JUSTICE OF THE SUPREME COURT-DEM_CHRISTINE DONOHUE',\n",
       " 'JUSTICE OF THE SUPREME COURT-DEM_DAVID WECHT',\n",
       " 'JUSTICE OF THE SUPREME COURT-DEM_DWAYNE D WOODRUFF',\n",
       " 'JUSTICE OF THE SUPREME COURT-DEM_JOHN HENRY FORADORA',\n",
       " 'JUSTICE OF THE SUPREME COURT-DEM_KEVIN M DOUGHERTY',\n",
       " 'JUSTICE OF THE SUPREME COURT-DEM_Write In ',\n",
       " 'MAYOR-DEM_ANTHONY HARDY WILLIAMS_x',\n",
       " 'MAYOR-DEM_DOUG OLIVER',\n",
       " 'MAYOR-DEM_JIM KENNEY_x',\n",
       " 'MAYOR-DEM_LYNNE M ABRAHAM',\n",
       " 'MAYOR-DEM_NELSON DIAZ',\n",
       " 'MAYOR-DEM_T MILTON STREET SR',\n",
       " 'MAYOR-DEM_Write In ',\n",
       " 'ATTORNEY GENERAL-DEM_JOHN MORGANELLI',\n",
       " 'ATTORNEY GENERAL-DEM_JOSH SHAPIRO',\n",
       " 'ATTORNEY GENERAL-DEM_STEPHEN A ZAPPALA JR',\n",
       " 'ATTORNEY GENERAL-DEM_Write In',\n",
       " 'PRESIDENT OF THE UNITED STATES-DEM_BERNIE SANDERS',\n",
       " 'PRESIDENT OF THE UNITED STATES-DEM_HILLARY CLINTON',\n",
       " 'PRESIDENT OF THE UNITED STATES-DEM_ROQUE ROCKY DE LA FUENTE',\n",
       " 'PRESIDENT OF THE UNITED STATES-DEM_Write In',\n",
       " 'UNITED STATES SENATOR-DEM_JOE SESTAK',\n",
       " 'UNITED STATES SENATOR-DEM_JOHN FETTERMAN',\n",
       " 'UNITED STATES SENATOR-DEM_JOSEPH J VODVARKA',\n",
       " 'UNITED STATES SENATOR-DEM_KATIE MCGINTY',\n",
       " 'UNITED STATES SENATOR-DEM_Write In',\n",
       " 'CITY CONTROLLER-DEM_ALAN L BUTKOVITZ',\n",
       " 'CITY CONTROLLER-DEM_REBECCA RHYNHART',\n",
       " 'CITY CONTROLLER-DEM_Write In',\n",
       " 'DISTRICT ATTORNEY-DEM_JOE KHAN',\n",
       " 'DISTRICT ATTORNEY-DEM_JOHN O NEILL',\n",
       " 'DISTRICT ATTORNEY-DEM_LAWRENCE S KRASNER',\n",
       " 'DISTRICT ATTORNEY-DEM_MICHAEL W UNTERMEYER',\n",
       " 'DISTRICT ATTORNEY-DEM_RICH NEGRIN',\n",
       " 'DISTRICT ATTORNEY-DEM_TARIQ KARIM EL SHABAZZ',\n",
       " 'DISTRICT ATTORNEY-DEM_TERESA CARR DENI',\n",
       " 'DISTRICT ATTORNEY-DEM_Write In',\n",
       " 'LIEUTENANT GOVERNOR-DEM_JOHN FETTERMAN',\n",
       " 'LIEUTENANT GOVERNOR-DEM_KATHI COZZONE',\n",
       " 'LIEUTENANT GOVERNOR-DEM_MIKE STACK',\n",
       " 'LIEUTENANT GOVERNOR-DEM_NINA AHMAD',\n",
       " 'LIEUTENANT GOVERNOR-DEM_RAY SOSA',\n",
